145,5
145,4
135,12
135,11
135,10
135,9
135,8
135,7
135,6
135,5
135,4
134,5
134,4
165,6
165,5
165,4
165,3
165,2
165,1
165,0
164,3
164,2
164,1
164,0
163,3
163,2
163,1
163,0
162,3
162,2
162,1
162,0
161,3
161,2
161,1
161,0
160,3
160,2
160,1
160,0
159,3
159,2
159,1
159,0
158,3
158,2
158,1
158,0
157,3
157,2
157,1
157,0
156,3
156,2
156,1
156,0
155,3
155,2
155,1
155,0
154,3
154,2
154,1
154,0
153,3
153,2
153,1
153,0
152,3
152,2
152,1
152,0
151,3
151,2
151,1
151,0
150,3
150,2
150,1
150,0
149,3
149,2
149,1
149,0
148,3
148,2
148,1
148,0
147,3
147,2
147,1
147,0
146,3
146,2
146,1
146,0
127,168
127,167
127,166
127,165
127,164
127,163
127,162
127,161
127,160
127,159
127,158
127,157
127,156
127,155
127,154
127,153
127,152
127,151
127,150
127,149
127,148
127,147
127,146
127,145
127,144
127,143
127,142
127,141
127,140
127,139
127,138
127,137
127,136
127,135
127,134
127,133
127,132
127,131
127,130
127,129
127,128
127,127
127,126
127,125
127,124
127,123
127,122
127,121
127,120
127,119
127,118
127,117
127,116
127,115
127,114
127,113
127,112
127,111
127,110
127,109
127,108
127,107
127,106
127,105
127,104
127,103
127,102
127,101
127,100
127,99
127,98
127,97
127,96
127,95
127,94
127,93
127,92
127,91
127,90
127,89
127,88
127,87
127,86
127,85
127,84
127,83
127,82
127,81
127,80
127,79
127,78
127,77
127,76
127,75
127,74
127,73
127,72
127,71
127,70
127,69
127,68
127,67
127,66
127,65
127,64
127,35
127,34
127,33
127,32
127,31
127,30
127,29
127,28
127,27
127,26
127,25
127,24
127,23
127,22
127,21
127,20
127,19
127,18
127,17
127,16
127,15
127,14
127,13
127,12
127,11
127,10
127,9
127,8
127,7
127,6
127,5
127,4
126,9
126,8
126,7
126,6
126,5
126,4
125,320
125,319
125,318
125,317
125,316
125,315
125,314
125,313
125,312
125,311
125,310
125,309
125,308
125,307
125,306
125,305
125,304
125,303
125,302
125,301
125,300
125,299
125,298
125,297
125,296
125,295
125,294
125,293
125,292
125,291
125,290
125,289
125,288
125,287
125,286
125,285
125,284
125,283
125,282
125,281
125,280
125,279
125,278
125,277
125,276
125,275
125,274
125,273
125,272
125,271
125,270
125,269
125,268
125,267
125,266
125,265
125,264
125,263
125,262
125,261
125,260
125,259
125,258
125,257
125,256
125,255
125,254
125,253
125,252
125,251
125,250
125,249
125,248
125,247
125,246
125,245
125,244
125,243
125,242
125,241
125,240
125,239
125,238
125,237
125,236
125,235
125,234
125,233
125,232
125,231
125,230
125,229
125,228
125,227
125,226
125,225
125,224
125,223
125,222
125,221
125,220
125,219
125,218
125,217
125,216
125,215
125,214
125,213
125,212
125,211
125,210
125,209
125,208
125,207
125,206
125,205
125,204
125,203
125,202
125,201
125,200
125,199
125,198
125,197
125,196
125,195
125,194
125,193
125,192
125,191
125,190
125,189
125,188
125,187
125,186
125,185
125,184
125,183
125,182
125,181
125,180
125,179
125,178
125,177
125,176
125,175
125,174
125,173
125,172
125,171
125,170
125,169
125,168
125,167
125,166
125,165
125,164
125,163
125,162
125,161
125,160
125,159
125,158
125,157
125,156
125,155
125,154
125,153
125,152
125,151
125,150
125,149
125,148
125,147
125,146
125,145
125,144
125,143
125,142
125,141
125,140
125,139
125,138
125,137
125,136
125,135
125,134
125,133
125,132
125,131
125,130
125,129
125,128
125,127
125,126
125,125
125,124
125,123
125,122
125,121
125,120
125,119
125,118
125,117
125,116
125,115
125,114
125,113
125,112
125,111
125,110
125,109
125,108
125,107
125,106
125,105
125,104
125,103
125,102
125,101
125,100
125,99
125,98
125,97
125,96
125,95
125,94
125,93
125,92
125,91
125,90
125,89
125,88
125,87
125,86
125,85
125,84
125,83
125,82
125,81
125,80
125,79
125,78
125,77
125,76
125,75
125,74
125,73
125,72
125,71
125,70
125,69
125,68
125,67
125,66
125,65
125,64
125,35
125,34
125,33
125,32
125,31
125,30
125,29
125,28
125,27
125,26
125,25
125,24
125,23
125,22
125,21
125,20
125,19
125,18
125,17
125,16
125,15
125,14
125,13
125,12
125,11
125,10
125,9
125,8
125,7
125,6
125,5
125,4
124,204
124,203
124,202
124,201
124,200
124,199
124,198
124,197
124,196
124,195
124,194
124,193
124,192
124,191
124,190
124,189
124,188
124,187
124,186
124,185
124,184
124,183
124,182
124,181
124,180
124,179
124,178
124,177
124,176
124,175
124,174
124,173
124,172
124,171
124,170
124,169
124,168
124,167
124,166
124,165
124,164
124,163
124,162
124,161
124,160
124,159
124,158
124,157
124,156
124,155
124,154
124,153
124,152
124,151
124,150
124,149
124,148
124,147
124,146
124,145
124,144
124,143
124,142
124,141
124,140
124,139
124,138
124,137
124,136
124,135
124,134
124,133
124,132
124,131
124,130
124,129
124,128
124,127
124,126
124,125
124,124
124,123
124,122
124,121
124,120
124,119
124,118
124,117
124,116
124,115
124,114
124,113
124,112
124,111
124,110
124,109
124,108
124,107
124,106
124,105
124,104
124,103
124,102
124,101
124,100
124,99
124,98
124,97
124,96
124,95
124,94
124,93
124,92
124,91
124,90
124,89
124,88
0,511
124,87
124,86
0,510
124,85
124,84
124,83
124,82
0,509
124,81
0,508
0,507
124,80
0,506
124,79
124,78
124,77
0,505
124,76
0,504
0,503
124,75
124,74
0,502
124,73
0,501
124,72
124,71
0,500
0,499
0,498
0,497
124,70
0,496
0,495
0,494
124,69
0,493
124,68
0,492
0,491
0,490
0,489
124,67
0,488
124,66
0,487
0,486
124,65
0,485
0,484
124,64
0,483
124,35
124,34
0,482
124,33
0,481
124,32
124,31
0,480
124,30
0,479
124,29
0,478
0,477
124,28
124,27
124,26
124,25
0,476
124,24
124,23
124,22
124,21
124,20
0,475
124,19
124,18
124,17
124,16
0,474
124,15
124,14
0,473
124,13
0,472
124,12
0,471
0,470
124,11
124,10
124,9
0,469
0,468
124,8
124,7
0,467
124,6
124,5
124,4
0,466
0,465
123,6
0,464
0,463
0,462
123,5
123,4
0,461
0,460
0,459
0,458
0,457
0,456
0,455
0,454
28,1
28,0
27,4
27,3
27,2
27,1
27,0
26,4
26,3
26,2
26,1
26,0
25,4
25,3
25,2
25,1
25,0
24,4
24,3
24,2
24,1
24,0
23,4
23,3
23,2
23,1
23,0
22,4
22,3
22,2
22,1
22,0
21,4
21,3
21,2
21,1
21,0
20,3
20,2
20,1
20,0
19,3
19,2
19,1
19,0
18,3
18,2
18,1
18,0
17,3
17,2
17,1
17,0
16,3
16,2
16,1
16,0
15,3
15,2
15,1
15,0
4,3
4,2
4,1
4,0
3,6
3,5
3,4
3,3
3,2
3,1
3,0
2,9
2,8
2,7
2,6
2,5
2,4
2,2
1,2
0,449
0,436
0,427
0,419
0,416
0,409
0,408
0,393
0,388
0,387
0,383
0,382
0,377
0,452
0,360
0,453
0,334
1,1
1,3
0,330
0,322
2,1
1,0
2,10
0,320
0,243
2,3
2,0
0,9
0,310
0,305
0,308
0,304
0,303
0,302
0,307
0,12
0,381
0,10
0,8
0,0
0,335
0,300
0,413
0,299
0,447
0,298
0,354
0,297
0,433
0,296
0,404
0,295
0,445
0,294
0,417
0,293
0,407
0,292
0,362
0,291
0,328
0,290
0,326
0,289
0,423
0,288
0,401
0,287
0,450
0,286
0,342
0,285
0,309
0,284
0,327
0,283
0,444
0,282
0,400
0,281
0,403
0,280
0,356
0,279
0,325
0,278
0,338
0,277
0,348
0,276
0,412
0,275
28,2
28,3
29,0
29,1
29,3
29,4
30,1
30,3
30,4
31,1
31,2
31,4
33,1
33,2
34,0
34,1
34,3
35,0
35,2
36,0
36,1
36,3
37,0
37,2
38,0
38,1
38,3
39,0
39,2
39,3
40,1
40,3
41,0
41,2
41,3
42,1
42,3
43,0
43,2
43,3
44,1
44,2
45,0
45,2
45,3
46,1
46,2
47,0
47,2
47,3
48,1
48,2
49,0
49,2
49,3
50,1
50,2
51,0
51,1
51,3
52,1
52,2
53,0
53,1
53,3
54,1
54,2
55,0
55,1
55,3
56,0
56,2
57,0
57,1
57,3
58,0
58,2
59,0
59,1
59,3
60,0
60,2
60,3
61,1
61,3
62,0
62,2
62,3
63,1
63,3
64,0
64,2
64,3
65,1
65,3
66,0
66,2
66,3
67,1
67,2
68,0
68,2
68,3
69,1
69,2
70,0
70,2
70,3
71,1
71,2
72,0
72,1
72,3
73,1
73,2
74,0
74,1
74,3
75,1
75,2
76,0
76,1
76,3
77,0
77,2
78,0
78,1
78,3
79,0
79,2
80,0
80,1
80,3
81,0
81,2
81,3
82,1
82,3
83,0
83,2
83,3
84,1
84,3
85,0
85,2
85,3
86,1
86,3
87,0
87,2
87,3
88,1
88,2
89,0
89,2
89,3
90,1
90,2
91,0
91,2
91,3
92,1
92,2
93,0
93,1
93,3
94,1
94,2
95,0
95,1
95,3
96,1
96,2
97,0
97,1
97,3
98,0
98,2
99,0
99,1
99,3
100,0
100,2
101,0
101,1
101,3
102,0
102,2
103,0
103,1
103,3
104,0
104,2
104,3
105,1
105,3
106,0
106,2
106,3
107,1
107,3
108,0
108,2
108,3
109,1
109,2
110,0
110,2
110,3
111,1
111,2
112,0
112,2
112,3
113,1
113,2
114,0
114,1
114,3
115,1
115,2
116,0
116,1
116,3
117,1
117,2
118,0
118,1
118,3
119,0
119,2
120,0
120,1
120,3
121,0
121,2
122,0
122,1
122,3
123,0
123,2
124,0
124,1
124,3
125,0
125,2
125,3
126,1
126,3
127,0
127,2
127,3
128,1
128,3
129,0
129,2
129,3
130,1
130,2
131,0
131,2
131,3
132,1
132,2
133,0
133,2
133,3
134,1
134,2
135,0
135,1
135,3
136,1
136,2
137,0
137,1
137,3
138,1
138,2
139,0
139,1
139,3
140,1
140,2
141,0
141,1
141,3
142,0
142,2
143,0
143,1
143,3
144,0
144,2
145,0
145,1
145,3
145,2
144,3
144,1
143,2
142,3
142,1
141,2
140,3
140,0
139,2
138,3
138,0
137,2
136,3
136,0
135,2
134,3
134,0
133,1
132,3
132,0
131,1
130,3
130,0
129,1
128,2
128,0
127,1
126,2
126,0
125,1
124,2
123,3
123,1
122,2
121,3
121,1
120,2
119,3
119,1
118,2
117,3
117,0
116,2
115,3
115,0
114,2
113,3
113,0
112,1
111,3
111,0
110,1
109,3
109,0
108,1
107,2
107,0
106,1
105,2
105,0
104,1
103,2
102,3
102,1
101,2
100,3
100,1
99,2
98,3
98,1
97,2
96,3
96,0
95,2
94,3
94,0
93,2
92,3
92,0
91,1
90,3
90,0
89,1
88,3
88,0
87,1
86,2
86,0
85,1
84,2
84,0
83,1
82,2
82,0
81,1
80,2
79,3
79,1
78,2
77,3
77,1
76,2
75,3
75,0
74,2
73,3
73,0
72,2
71,3
71,0
70,1
69,3
69,0
68,1
67,3
67,0
66,1
65,2
65,0
64,1
63,2
63,0
62,1
61,2
61,0
60,1
59,2
58,3
58,1
57,2
56,3
56,1
55,2
54,3
54,0
53,2
52,3
52,0
51,2
50,3
50,0
49,1
48,3
48,0
47,1
46,3
46,0
45,1
44,3
44,0
43,1
42,2
42,0
41,1
40,2
40,0
39,1
38,2
37,3
37,1
36,2
35,3
35,1
34,2
33,3
33,0
31,3
31,0
30,2
30,0
29,2
28,4
0,442
0,274
0,432
0,273
0,430
0,272
0,344
0,271
0,437
0,270
0,361
0,269
0,438
0,268
0,402
0,267
0,428
0,266
0,357
0,265
0,355
0,264
0,343
0,263
0,420
0,262
0,371
0,261
0,435
0,260
0,448
0,259
0,324
0,258
0,323
0,257
0,434
0,256
0,255
0,415
0,254
0,345
0,253
0,395
0,252
0,396
0,251
0,359
0,250
0,385
0,249
0,443
0,248
0,306
0,247
0,319
0,246
0,379
0,245
0,389
0,244
0,337
0,242
0,421
0,241
0,318
0,240
0,239
0,333
0,238
0,339
0,237
0,366
0,236
0,431
0,235
0,411
0,234
0,336
0,233
0,341
0,232
0,426
0,231
0,367
0,230
0,414
0,229
0,349
0,228
0,321
0,227
0,429
0,226
0,406
0,225
0,364
0,224
0,386
0,223
0,384
0,222
0,418
0,221
0,369
0,220
0,422
0,219
0,410
0,218
0,405
0,217
0,301
0,216
0,392
0,215
0,317
0,214
0,399
0,213
0,316
0,212
0,332
0,211
0,315
0,210
0,374
0,209
0,380
0,208
0,446
0,207
0,394
0,206
0,391
0,205
0,376
0,204
0,373
0,203
0,314
0,202
0,372
0,201
0,200
0,398
0,199
0,425
0,198
0,313
0,197
0,441
0,196
0,353
0,195
0,340
0,194
0,370
0,193
0,358
0,192
0,440
0,63
0,312
0,62
0,363
0,61
0,347
0,60
0,451
0,59
0,352
0,58
0,331
0,57
0,378
0,56
0,375
0,55
0,368
0,54
0,346
0,53
0,424
0,52
0,350
0,51
0,365
0,50
0,311
0,49
0,397
0,48
0,439
0,47
0,390
0,46
0,329
0,45
0,351
0,6
0,5
0,1
0,11
0,4
0,2
0,3
0,7
